000001000
010000110
000011000
011000110
000001000
110100000
111100000
000111001
000101000
000010111
000111000
000010111
000011000
000001010
000001010
000001010
000001010
000001010
000001010
000001010
110100001
000001000
111100001
000011000
000111001
011111000
000001010
001000100
000101010
000101010
000101010
000101000
000010111
000001000
000111001
000111000
000010111
000011000
000111001
001001001
000011010
000011010
000011010
000011010
000011010
000011010
000011010
101100010
001111000
011101001
010000101
011000101
000001000
000000101
111100011
011000101
000011000
010000100
000001000
000111001
101000010
000011000
011000100
011111000
000001010
000101001
011011001
000011000
000111001
000011000
0001101
010110010
001101010
001001011
101100100
010110010
001101010
000001000
1100101
000000101
011001010
011001010
011001010
0000010
011001010
0000010
011001010
0000010
011001010
0000010
011001010
0000010
011001010
0000010
011001010
0000010
011001010
001001110
010110010
001101010
010110010
001101010
000111001
000101000
000010111
000111000
000100111
